v 0.1460784375667572 0.7958163619041443 0.0
v 0.1460784375667572 0.7958163619041443 0.0
v 0.25412532687187195 1.0 0.0
v 0.14484044909477234 0.7568821907043457 0.0
v 0.14484044909477234 0.7568821907043457 0.0
v 0.14507067203521729 0.7664744257926941 0.0
v 0.14484044909477234 0.7568821907043457 0.0
v 0.14507067203521729 0.7664744257926941 0.0
v 0.1460784375667572 0.7958163619041443 0.0
v 0.14484044909477234 0.7568821907043457 0.0
v 0.1460784375667572 0.7958163619041443 0.0
v 0.25412532687187195 1.0 0.0
v 0.14484044909477234 0.7568821907043457 0.0
v 0.25412532687187195 1.0 0.0
v 1.0 1.0 0.0
v 0.14484044909477234 0.7568821907043457 0.0
v 1.0 1.0 0.0
v 1.0 0.0 0.0
v 0.14108361303806305 0.6002830862998962 0.0
v 0.14484044909477234 0.7568821907043457 0.0
v 1.0 0.0 0.0
v 0.13630081713199615 0.4009178876876831 0.0
v 0.14108361303806305 0.6002830862998962 0.0
v 1.0 0.0 0.0
v 0.1383843868970871 0.38676032423973083 0.0
v 0.13630081713199615 0.4009178876876831 0.0
v 1.0 0.0 0.0
v 0.1383843868970871 0.38676032423973083 0.0
v 1.0 0.0 0.0
v 0.0 0.0 0.0
v 0.1383843868970871 0.38676032423973083 0.0
v 0.0 0.0 0.0
v 0.0 0.021598704159259796 0.0
v 0.1383843868970871 0.38676032423973083 0.0
v 0.0 0.021598704159259796 0.0
v 0.0 0.024675635620951653 0.0
v 0.1383843868970871 0.38676032423973083 0.0
v 0.0 0.024675635620951653 0.0
v 0.0 0.07693126052618027 0.0
v 0.1383843868970871 0.38676032423973083 0.0
v 0.0 0.07693126052618027 0.0
v 0.0 0.1365237534046173 0.0
v 0.1383843868970871 0.38676032423973083 0.0
v 0.0 0.1365237534046173 0.0
v 0.0 0.1941891610622406 0.0
v 0.1383843868970871 0.38676032423973083 0.0
v 0.0 0.1941891610622406 0.0
v 0.0 0.2561824321746826 0.0
v 0.1383843868970871 0.38676032423973083 0.0
v 0.0 0.2561824321746826 0.0
v 0.031054019927978516 0.3155500292778015 0.0
v 0.0012528649531304836 0.03921983391046524 0.0
v 0.0012528649531304836 0.03921983391046524 0.0
v 0.0012528649531304836 0.03921983391046524 0.0
v 0.0012528649531304836 0.03921983391046524 0.0
v 0.0012528649531304836 0.03921983391046524 0.0
v 0.0012528649531304836 0.03921983391046524 0.0
v 0.14484044909477234 0.7568821907043457 0.9050599932670593
v 0.14484044909477234 0.7568821907043457 0.9050599932670593
v 0.14108361303806305 0.6002830862998962 0.9050599932670593
v 0.1460784375667572 0.7958163619041443 0.9050599932670593
v 0.1460784375667572 0.7958163619041443 0.9050599932670593
v 0.14507067203521729 0.7664744257926941 0.9050599932670593
v 0.1460784375667572 0.7958163619041443 0.9050599932670593
v 0.14507067203521729 0.7664744257926941 0.9050599932670593
v 0.14484044909477234 0.7568821907043457 0.9050599932670593
v 0.1460784375667572 0.7958163619041443 0.9050599932670593
v 0.14484044909477234 0.7568821907043457 0.9050599932670593
v 0.14108361303806305 0.6002830862998962 0.9050599932670593
v 0.1460784375667572 0.7958163619041443 0.9050599932670593
v 0.14108361303806305 0.6002830862998962 0.9050599932670593
v 0.13630081713199615 0.4009178876876831 0.9050599932670593
v 0.1460784375667572 0.7958163619041443 0.9050599932670593
v 0.13630081713199615 0.4009178876876831 0.9050599932670593
v 0.1383843868970871 0.38676032423973083 0.9050599932670593
v 0.25412532687187195 1.0 0.9050599932670593
v 0.1460784375667572 0.7958163619041443 0.9050599932670593
v 0.1383843868970871 0.38676032423973083 0.9050599932670593
v 1.0 1.0 0.9050599932670593
v 0.25412532687187195 1.0 0.9050599932670593
v 0.1383843868970871 0.38676032423973083 0.9050599932670593
v 1.0 0.0 0.9050599932670593
v 1.0 1.0 0.9050599932670593
v 0.1383843868970871 0.38676032423973083 0.9050599932670593
v 1.0 0.0 0.9050599932670593
v 0.1383843868970871 0.38676032423973083 0.9050599932670593
v 0.031054019927978516 0.3155500292778015 0.9050599932670593
v 1.0 0.0 0.9050599932670593
v 0.031054019927978516 0.3155500292778015 0.9050599932670593
v 0.0 0.2561824321746826 0.9050599932670593
v 1.0 0.0 0.9050599932670593
v 0.0 0.2561824321746826 0.9050599932670593
v 0.0 0.1941891610622406 0.9050599932670593
v 1.0 0.0 0.9050599932670593
v 0.0 0.1941891610622406 0.9050599932670593
v 0.0 0.1365237534046173 0.9050599932670593
v 1.0 0.0 0.9050599932670593
v 0.0 0.1365237534046173 0.9050599932670593
v 0.0 0.07693126052618027 0.9050599932670593
v 1.0 0.0 0.9050599932670593
v 0.0 0.07693126052618027 0.9050599932670593
v 0.0 0.024675635620951653 0.9050599932670593
v 1.0 0.0 0.9050599932670593
v 0.0 0.024675635620951653 0.9050599932670593
v 0.0 0.021598704159259796 0.9050599932670593
v 1.0 0.0 0.9050599932670593
v 0.0 0.021598704159259796 0.9050599932670593
v 0.0 0.0 0.9050599932670593
v 0.0012528649531304836 0.03921983391046524 0.9050599932670593
v 0.0012528649531304836 0.03921983391046524 0.9050599932670593
v 0.0012528649531304836 0.03921983391046524 0.9050599932670593
v 0.0012528649531304836 0.03921983391046524 0.9050599932670593
v 0.0012528649531304836 0.03921983391046524 0.9050599932670593
v 0.0012528649531304836 0.03921983391046524 0.9050599932670593
v 0.0 0.0 0.0
v 0.0 0.0 0.9050599932670593
v 0.0 0.021598704159259796 0.9050599932670593
v 0.0 0.0 0.0
v 0.0 0.021598704159259796 0.9050599932670593
v 0.0 0.021598704159259796 0.0
v 0.0 0.021598704159259796 0.0
v 0.0 0.021598704159259796 0.9050599932670593
v 0.0 0.024675635620951653 0.9050599932670593
v 0.0 0.021598704159259796 0.0
v 0.0 0.024675635620951653 0.9050599932670593
v 0.0 0.024675635620951653 0.0
v 0.0 0.024675635620951653 0.0
v 0.0 0.024675635620951653 0.9050599932670593
v 0.0 0.07693126052618027 0.9050599932670593
v 0.0 0.024675635620951653 0.0
v 0.0 0.07693126052618027 0.9050599932670593
v 0.0 0.07693126052618027 0.0
v 0.0 0.07693126052618027 0.0
v 0.0 0.07693126052618027 0.9050599932670593
v 0.0 0.1365237534046173 0.9050599932670593
v 0.0 0.07693126052618027 0.0
v 0.0 0.1365237534046173 0.9050599932670593
v 0.0 0.1365237534046173 0.0
v 0.0 0.1365237534046173 0.0
v 0.0 0.1365237534046173 0.9050599932670593
v 0.0 0.1941891610622406 0.9050599932670593
v 0.0 0.1365237534046173 0.0
v 0.0 0.1941891610622406 0.9050599932670593
v 0.0 0.1941891610622406 0.0
v 0.0 0.1941891610622406 0.0
v 0.0 0.1941891610622406 0.9050599932670593
v 0.0 0.2561824321746826 0.9050599932670593
v 0.0 0.1941891610622406 0.0
v 0.0 0.2561824321746826 0.9050599932670593
v 0.0 0.2561824321746826 0.0
v 0.0 0.2561824321746826 0.0
v 0.0 0.2561824321746826 0.9050599932670593
v 0.031054019927978516 0.3155500292778015 0.9050599932670593
v 0.0 0.2561824321746826 0.0
v 0.031054019927978516 0.3155500292778015 0.9050599932670593
v 0.031054019927978516 0.3155500292778015 0.0
v 0.031054019927978516 0.3155500292778015 0.0
v 0.031054019927978516 0.3155500292778015 0.9050599932670593
v 0.1383843868970871 0.38676032423973083 0.9050599932670593
v 0.031054019927978516 0.3155500292778015 0.0
v 0.1383843868970871 0.38676032423973083 0.9050599932670593
v 0.1383843868970871 0.38676032423973083 0.0
v 0.1383843868970871 0.38676032423973083 0.9050599932670593
v 0.1383843868970871 0.38676032423973083 0.9050599932670593
v 0.1383843868970871 0.38676032423973083 0.0
v 0.1383843868970871 0.38676032423973083 0.9050599932670593
v 0.1383843868970871 0.38676032423973083 0.0
v 0.1383843868970871 0.38676032423973083 0.0
v 0.1383843868970871 0.38676032423973083 0.0
v 0.1383843868970871 0.38676032423973083 0.9050599932670593
v 0.13630081713199615 0.4009178876876831 0.9050599932670593
v 0.1383843868970871 0.38676032423973083 0.0
v 0.13630081713199615 0.4009178876876831 0.9050599932670593
v 0.13630081713199615 0.4009178876876831 0.0
v 0.13630081713199615 0.4009178876876831 0.0
v 0.13630081713199615 0.4009178876876831 0.9050599932670593
v 0.14108361303806305 0.6002830862998962 0.9050599932670593
v 0.13630081713199615 0.4009178876876831 0.0
v 0.14108361303806305 0.6002830862998962 0.9050599932670593
v 0.14108361303806305 0.6002830862998962 0.0
v 0.14108361303806305 0.6002830862998962 0.0
v 0.14108361303806305 0.6002830862998962 0.9050599932670593
v 0.14484044909477234 0.7568821907043457 0.9050599932670593
v 0.14108361303806305 0.6002830862998962 0.0
v 0.14484044909477234 0.7568821907043457 0.9050599932670593
v 0.14484044909477234 0.7568821907043457 0.0
v 0.14484044909477234 0.7568821907043457 0.9050599932670593
v 0.14484044909477234 0.7568821907043457 0.9050599932670593
v 0.14484044909477234 0.7568821907043457 0.0
v 0.14484044909477234 0.7568821907043457 0.9050599932670593
v 0.14484044909477234 0.7568821907043457 0.0
v 0.14484044909477234 0.7568821907043457 0.0
v 0.14484044909477234 0.7568821907043457 0.9050599932670593
v 0.14484044909477234 0.7568821907043457 0.9050599932670593
v 0.14484044909477234 0.7568821907043457 0.0
v 0.14484044909477234 0.7568821907043457 0.9050599932670593
v 0.14484044909477234 0.7568821907043457 0.0
v 0.14484044909477234 0.7568821907043457 0.0
v 0.14484044909477234 0.7568821907043457 0.0
v 0.14484044909477234 0.7568821907043457 0.9050599932670593
v 0.14507067203521729 0.7664744257926941 0.9050599932670593
v 0.14484044909477234 0.7568821907043457 0.0
v 0.14507067203521729 0.7664744257926941 0.9050599932670593
v 0.14507067203521729 0.7664744257926941 0.0
v 0.14507067203521729 0.7664744257926941 0.0
v 0.14507067203521729 0.7664744257926941 0.9050599932670593
v 0.1460784375667572 0.7958163619041443 0.9050599932670593
v 0.14507067203521729 0.7664744257926941 0.0
v 0.1460784375667572 0.7958163619041443 0.9050599932670593
v 0.1460784375667572 0.7958163619041443 0.0
v 0.1460784375667572 0.7958163619041443 0.9050599932670593
v 0.1460784375667572 0.7958163619041443 0.9050599932670593
v 0.1460784375667572 0.7958163619041443 0.0
v 0.1460784375667572 0.7958163619041443 0.9050599932670593
v 0.1460784375667572 0.7958163619041443 0.0
v 0.1460784375667572 0.7958163619041443 0.0
v 0.1460784375667572 0.7958163619041443 0.9050599932670593
v 0.1460784375667572 0.7958163619041443 0.9050599932670593
v 0.1460784375667572 0.7958163619041443 0.0
v 0.1460784375667572 0.7958163619041443 0.9050599932670593
v 0.1460784375667572 0.7958163619041443 0.0
v 0.1460784375667572 0.7958163619041443 0.0
v 0.1460784375667572 0.7958163619041443 0.9050599932670593
v 0.1460784375667572 0.7958163619041443 0.9050599932670593
v 0.1460784375667572 0.7958163619041443 0.0
v 0.1460784375667572 0.7958163619041443 0.9050599932670593
v 0.1460784375667572 0.7958163619041443 0.0
v 0.1460784375667572 0.7958163619041443 0.0
v 0.1460784375667572 0.7958163619041443 0.0
v 0.1460784375667572 0.7958163619041443 0.9050599932670593
v 0.25412532687187195 1.0 0.9050599932670593
v 0.1460784375667572 0.7958163619041443 0.0
v 0.25412532687187195 1.0 0.9050599932670593
v 0.25412532687187195 1.0 0.0
v 0.25412532687187195 1.0 0.0
v 0.25412532687187195 1.0 0.9050599932670593
v 1.0 1.0 0.9050599932670593
v 0.25412532687187195 1.0 0.0
v 1.0 1.0 0.9050599932670593
v 1.0 1.0 0.0
v 1.0 1.0 0.0
v 1.0 1.0 0.9050599932670593
v 1.0 0.0 0.9050599932670593
v 1.0 1.0 0.0
v 1.0 0.0 0.9050599932670593
v 1.0 0.0 0.0
v 1.0 0.0 0.0
v 1.0 0.0 0.9050599932670593
v 0.0 0.0 0.9050599932670593
v 1.0 0.0 0.0
v 0.0 0.0 0.9050599932670593
v 0.0 0.0 0.0
v 0.0012528649531304836 0.03921983391046524 0.9050599932670593
v 0.0012528649531304836 0.03921983391046524 0.9050599932670593
v 0.0012528649531304836 0.03921983391046524 0.0
v 0.0012528649531304836 0.03921983391046524 0.9050599932670593
v 0.0012528649531304836 0.03921983391046524 0.0
v 0.0012528649531304836 0.03921983391046524 0.0
v 0.0012528649531304836 0.03921983391046524 0.9050599932670593
v 0.0012528649531304836 0.03921983391046524 0.9050599932670593
v 0.0012528649531304836 0.03921983391046524 0.0
v 0.0012528649531304836 0.03921983391046524 0.9050599932670593
v 0.0012528649531304836 0.03921983391046524 0.0
v 0.0012528649531304836 0.03921983391046524 0.0
v 0.0012528649531304836 0.03921983391046524 0.9050599932670593
v 0.0012528649531304836 0.03921983391046524 0.9050599932670593
v 0.0012528649531304836 0.03921983391046524 0.0
v 0.0012528649531304836 0.03921983391046524 0.9050599932670593
v 0.0012528649531304836 0.03921983391046524 0.0
v 0.0012528649531304836 0.03921983391046524 0.0
v 0.0012528649531304836 0.03921983391046524 0.9050599932670593
v 0.0012528649531304836 0.03921983391046524 0.9050599932670593
v 0.0012528649531304836 0.03921983391046524 0.0
v 0.0012528649531304836 0.03921983391046524 0.9050599932670593
v 0.0012528649531304836 0.03921983391046524 0.0
v 0.0012528649531304836 0.03921983391046524 0.0
f 1 2 3
f 4 5 6
f 7 8 9
f 10 11 12
f 13 14 15
f 16 17 18
f 19 20 21
f 22 23 24
f 25 26 27
f 28 29 30
f 31 32 33
f 34 35 36
f 37 38 39
f 40 41 42
f 43 44 45
f 46 47 48
f 49 50 51
f 52 53 54
f 55 56 57
f 58 59 60
f 61 62 63
f 64 65 66
f 67 68 69
f 70 71 72
f 73 74 75
f 76 77 78
f 79 80 81
f 82 83 84
f 85 86 87
f 88 89 90
f 91 92 93
f 94 95 96
f 97 98 99
f 100 101 102
f 103 104 105
f 106 107 108
f 109 110 111
f 112 113 114
f 115 116 117
f 118 119 120
f 121 122 123
f 124 125 126
f 127 128 129
f 130 131 132
f 133 134 135
f 136 137 138
f 139 140 141
f 142 143 144
f 145 146 147
f 148 149 150
f 151 152 153
f 154 155 156
f 157 158 159
f 160 161 162
f 163 164 165
f 166 167 168
f 169 170 171
f 172 173 174
f 175 176 177
f 178 179 180
f 181 182 183
f 184 185 186
f 187 188 189
f 190 191 192
f 193 194 195
f 196 197 198
f 199 200 201
f 202 203 204
f 205 206 207
f 208 209 210
f 211 212 213
f 214 215 216
f 217 218 219
f 220 221 222
f 223 224 225
f 226 227 228
f 229 230 231
f 232 233 234
f 235 236 237
f 238 239 240
f 241 242 243
f 244 245 246
f 247 248 249
f 250 251 252
f 253 254 255
f 256 257 258
f 259 260 261
f 262 263 264
f 265 266 267
f 268 269 270
f 271 272 273
f 274 275 276
