v 0.09600265324115753 0.0 0.06344760954380035
v 0.09600265324115753 0.0 0.06344760954380035
v 0.10028665512800217 0.0 0.048202529549598694
v 5.898059818321144E-17 0.0 0.35868415236473083
v 5.551115123125783E-17 0.0 0.35868415236473083
v 0.016948789358139038 0.0 0.274313360452652
v 0.0 0.0 0.3680168092250824
v 0.0 0.0 0.35868415236473083
v 5.898059818321144E-17 0.0 0.35868415236473083
v 0.05917196348309517 0.0 0.6878299713134766
v 0.05917196348309517 0.0 0.6878299713134766
v 0.0038579939864575863 0.0 0.6487000584602356
v 0.05917196348309517 0.0 0.6878299713134766
v 0.0038579939864575863 0.0 0.6487000584602356
v 0.0 0.0 0.6415621042251587
v 0.05917196348309517 0.0 0.6878299713134766
v 0.0 0.0 0.6415621042251587
v 0.0 0.0 0.6225630640983582
v 0.05917196348309517 0.0 0.6878299713134766
v 0.0 0.0 0.6225630640983582
v 0.0 0.0 0.3680168092250824
v 0.05917196348309517 0.0 0.6878299713134766
v 0.0 0.0 0.3680168092250824
v 5.898059818321144E-17 0.0 0.35868415236473083
v 0.05917196348309517 0.0 0.6878299713134766
v 5.898059818321144E-17 0.0 0.35868415236473083
v 0.016948789358139038 0.0 0.274313360452652
v 0.05917196348309517 0.0 0.6878299713134766
v 0.016948789358139038 0.0 0.274313360452652
v 0.024994444102048874 0.0 0.2518893778324127
v 0.05917196348309517 0.0 0.6878299713134766
v 0.024994444102048874 0.0 0.2518893778324127
v 0.030873393639922142 0.0 0.23550422489643097
v 0.05917196348309517 0.0 0.6878299713134766
v 0.030873393639922142 0.0 0.23550422489643097
v 0.09600265324115753 0.0 0.06344760954380035
v 0.05917196348309517 0.0 0.6878299713134766
v 0.09600265324115753 0.0 0.06344760954380035
v 0.10028665512800217 0.0 0.048202529549598694
v 0.05917196348309517 0.0 0.6878299713134766
v 0.10028665512800217 0.0 0.048202529549598694
v 0.10231081396341324 0.0 0.04099934548139572
v 0.05917196348309517 0.0 0.6878299713134766
v 0.10231081396341324 0.0 0.04099934548139572
v 0.10951657593250275 0.0 0.0
v 0.05917196348309517 0.0 0.6878299713134766
v 0.10951657593250275 0.0 0.0
v 1.0 0.0 0.0
v 0.17579898238182068 0.0 0.7836400270462036
v 0.05917196348309517 0.0 0.6878299713134766
v 1.0 0.0 0.0
v 0.23554901778697968 0.0 0.8362199664115906
v 0.17579898238182068 0.0 0.7836400270462036
v 1.0 0.0 0.0
v 0.3303080201148987 0.0 0.8578000068664551
v 0.23554901778697968 0.0 0.8362199664115906
v 1.0 0.0 0.0
v 0.7420380115509033 0.0 0.3892669677734375
v 0.7154629826545715 0.0 0.5829499959945679
v 0.6851000189781189 0.0 0.6799500584602356
v 1.0 0.0 0.3884817659854889
v 0.9358235001564026 0.0 0.3932270109653473
v 0.7511592507362366 0.0 0.34877172112464905
v 1.0 0.0 0.35935333371162415
v 1.0 0.0 0.3884817659854889
v 0.7511592507362366 0.0 0.34877172112464905
v 1.0 0.0 0.33427363634109497
v 1.0 0.0 0.35935333371162415
v 0.7511592507362366 0.0 0.34877172112464905
v 1.0 0.0 0.33323925733566284
v 1.0 0.0 0.33427363634109497
v 0.7511592507362366 0.0 0.34877172112464905
v 1.0 0.0 0.0
v 1.0 0.0 0.33323925733566284
v 0.7511592507362366 0.0 0.34877172112464905
v 0.3303080201148987 0.0 0.8578000068664551
v 1.0 0.0 0.0
v 0.7511592507362366 0.0 0.34877172112464905
v 0.3303080201148987 0.0 0.8578000068664551
v 0.7511592507362366 0.0 0.34877172112464905
v 0.7420380115509033 0.0 0.3892669677734375
v 0.3303080201148987 0.0 0.8578000068664551
v 0.7420380115509033 0.0 0.3892669677734375
v 0.6851000189781189 0.0 0.6799500584602356
v 0.3303080201148987 0.0 0.8578000068664551
v 0.6851000189781189 0.0 0.6799500584602356
v 0.6872940063476562 0.0 0.8407600522041321
v 0.3303080201148987 0.0 0.8578000068664551
v 0.6872940063476562 0.0 0.8407600522041321
v 0.6299139857292175 0.0 0.8693100214004517
v 0.3303080201148987 0.0 0.8578000068664551
v 0.6299139857292175 0.0 0.8693100214004517
v 0.5866609811782837 0.0 0.8850399851799011
v 0.4506159722805023 0.0 0.8879400491714478
v 0.3303080201148987 0.0 0.8578000068664551
v 0.5866609811782837 0.0 0.8850399851799011
v 0.4506159722805023 0.0 0.8879400491714478
v 0.5866609811782837 0.0 0.8850399851799011
v 0.5087220072746277 0.0 0.9050599932670593
v 0.5765042901039124 0.0 0.881274938583374
v 0.5765042901039124 0.0 0.881274938583374
v 0.5765042901039124 0.0 0.881274938583374
v 0.5765042901039124 0.0 0.881274938583374
v 0.5765042901039124 0.0 0.881274938583374
v 0.5765042901039124 0.0 0.881274938583374
v 0.2350669950246811 0.0 0.7761532664299011
v 0.2350669950246811 0.0 0.7761532664299011
v 0.2350669950246811 0.0 0.7761532664299011
v 0.2350669950246811 0.0 0.7761532664299011
v 0.2350669950246811 0.0 0.7761532664299011
v 0.2350669950246811 0.0 0.7761532664299011
v 0.051749423146247864 0.0 0.6662265658378601
v 0.051749423146247864 0.0 0.6662265658378601
v 0.051749423146247864 0.0 0.6662265658378601
v 0.051749423146247864 0.0 0.6662265658378601
v 0.051749423146247864 0.0 0.6662265658378601
v 0.051749423146247864 0.0 0.6662265658378601
v 0.05917196348309517 1.0 0.6878299713134766
v 0.05917196348309517 1.0 0.6878299713134766
v 0.17579898238182068 1.0 0.7836400270462036
v 5.898059818321144E-17 1.0 0.35868415236473083
v 0.0 1.0 0.35868415236473083
v 0.0 1.0 0.3680168092250824
v 5.551115123125783E-17 1.0 0.35868415236473083
v 5.898059818321144E-17 1.0 0.35868415236473083
v 0.0 1.0 0.3680168092250824
v 0.09600265324115753 1.0 0.06344760954380035
v 0.09600265324115753 1.0 0.06344760954380035
v 0.030873393639922142 1.0 0.23550422489643097
v 0.09600265324115753 1.0 0.06344760954380035
v 0.030873393639922142 1.0 0.23550422489643097
v 0.024994444102048874 1.0 0.2518893778324127
v 0.09600265324115753 1.0 0.06344760954380035
v 0.024994444102048874 1.0 0.2518893778324127
v 0.016948789358139038 1.0 0.274313360452652
v 0.09600265324115753 1.0 0.06344760954380035
v 0.016948789358139038 1.0 0.274313360452652
v 5.551115123125783E-17 1.0 0.35868415236473083
v 0.09600265324115753 1.0 0.06344760954380035
v 5.551115123125783E-17 1.0 0.35868415236473083
v 0.0 1.0 0.3680168092250824
v 0.09600265324115753 1.0 0.06344760954380035
v 0.0 1.0 0.3680168092250824
v 0.0 1.0 0.6225630640983582
v 0.09600265324115753 1.0 0.06344760954380035
v 0.0 1.0 0.6225630640983582
v 0.0 1.0 0.6415621042251587
v 0.09600265324115753 1.0 0.06344760954380035
v 0.0 1.0 0.6415621042251587
v 0.0038579939864575863 1.0 0.6487000584602356
v 0.09600265324115753 1.0 0.06344760954380035
v 0.0038579939864575863 1.0 0.6487000584602356
v 0.05917196348309517 1.0 0.6878299713134766
v 0.09600265324115753 1.0 0.06344760954380035
v 0.05917196348309517 1.0 0.6878299713134766
v 0.17579898238182068 1.0 0.7836400270462036
v 0.09600265324115753 1.0 0.06344760954380035
v 0.17579898238182068 1.0 0.7836400270462036
v 0.23554901778697968 1.0 0.8362199664115906
v 0.09600265324115753 1.0 0.06344760954380035
v 0.23554901778697968 1.0 0.8362199664115906
v 0.3303080201148987 1.0 0.8578000068664551
v 0.09600265324115753 1.0 0.06344760954380035
v 0.3303080201148987 1.0 0.8578000068664551
v 0.4506159722805023 1.0 0.8879400491714478
v 0.09600265324115753 1.0 0.06344760954380035
v 0.4506159722805023 1.0 0.8879400491714478
v 0.5087220072746277 1.0 0.9050599932670593
v 0.09600265324115753 1.0 0.06344760954380035
v 0.5087220072746277 1.0 0.9050599932670593
v 0.5866609811782837 1.0 0.8850399851799011
v 0.09600265324115753 1.0 0.06344760954380035
v 0.5866609811782837 1.0 0.8850399851799011
v 0.6299139857292175 1.0 0.8693100214004517
v 0.09600265324115753 1.0 0.06344760954380035
v 0.6299139857292175 1.0 0.8693100214004517
v 0.6872940063476562 1.0 0.8407600522041321
v 0.09600265324115753 1.0 0.06344760954380035
v 0.6872940063476562 1.0 0.8407600522041321
v 0.6851000189781189 1.0 0.6799500584602356
v 0.09600265324115753 1.0 0.06344760954380035
v 0.6851000189781189 1.0 0.6799500584602356
v 0.7154629826545715 1.0 0.5829499959945679
v 0.09600265324115753 1.0 0.06344760954380035
v 0.7154629826545715 1.0 0.5829499959945679
v 0.7420380115509033 1.0 0.3892669677734375
v 0.09600265324115753 1.0 0.06344760954380035
v 0.7420380115509033 1.0 0.3892669677734375
v 0.7511592507362366 1.0 0.34877172112464905
v 0.09600265324115753 1.0 0.06344760954380035
v 0.7511592507362366 1.0 0.34877172112464905
v 0.9358235001564026 1.0 0.3932270109653473
v 0.09600265324115753 1.0 0.06344760954380035
v 0.9358235001564026 1.0 0.3932270109653473
v 1.0 1.0 0.3884817659854889
v 0.09600265324115753 1.0 0.06344760954380035
v 1.0 1.0 0.3884817659854889
v 1.0 1.0 0.35935333371162415
v 0.09600265324115753 1.0 0.06344760954380035
v 1.0 1.0 0.35935333371162415
v 1.0 1.0 0.33427363634109497
v 0.09600265324115753 1.0 0.06344760954380035
v 1.0 1.0 0.33427363634109497
v 1.0 1.0 0.33323925733566284
v 0.09600265324115753 1.0 0.06344760954380035
v 1.0 1.0 0.33323925733566284
v 1.0 1.0 0.0
v 0.10028665512800217 1.0 0.048202529549598694
v 0.09600265324115753 1.0 0.06344760954380035
v 1.0 1.0 0.0
v 0.10231081396341324 1.0 0.04099934548139572
v 0.10028665512800217 1.0 0.048202529549598694
v 1.0 1.0 0.0
v 0.10231081396341324 1.0 0.04099934548139572
v 1.0 1.0 0.0
v 0.10951657593250275 1.0 0.0
v 0.5765042901039124 1.0 0.881274938583374
v 0.5765042901039124 1.0 0.881274938583374
v 0.5765042901039124 1.0 0.881274938583374
v 0.5765042901039124 1.0 0.881274938583374
v 0.5765042901039124 1.0 0.881274938583374
v 0.5765042901039124 1.0 0.881274938583374
v 0.2350669950246811 1.0 0.7761532664299011
v 0.2350669950246811 1.0 0.7761532664299011
v 0.2350669950246811 1.0 0.7761532664299011
v 0.2350669950246811 1.0 0.7761532664299011
v 0.2350669950246811 1.0 0.7761532664299011
v 0.2350669950246811 1.0 0.7761532664299011
v 0.051749423146247864 1.0 0.6662265658378601
v 0.051749423146247864 1.0 0.6662265658378601
v 0.051749423146247864 1.0 0.6662265658378601
v 0.051749423146247864 1.0 0.6662265658378601
v 0.051749423146247864 1.0 0.6662265658378601
v 0.051749423146247864 1.0 0.6662265658378601
v 0.10231081396341324 0.0 0.04099934548139572
v 0.10231081396341324 1.0 0.04099934548139572
v 0.10951657593250275 1.0 0.0
v 0.10231081396341324 0.0 0.04099934548139572
v 0.10951657593250275 1.0 0.0
v 0.10951657593250275 0.0 0.0
v 0.10231081396341324 1.0 0.04099934548139572
v 0.10231081396341324 1.0 0.04099934548139572
v 0.10231081396341324 0.0 0.04099934548139572
v 0.10231081396341324 1.0 0.04099934548139572
v 0.10231081396341324 0.0 0.04099934548139572
v 0.10231081396341324 0.0 0.04099934548139572
v 0.10028665512800217 0.0 0.048202529549598694
v 0.10028665512800217 1.0 0.048202529549598694
v 0.10231081396341324 1.0 0.04099934548139572
v 0.10028665512800217 0.0 0.048202529549598694
v 0.10231081396341324 1.0 0.04099934548139572
v 0.10231081396341324 0.0 0.04099934548139572
v 0.09600265324115753 0.0 0.06344760954380035
v 0.09600265324115753 1.0 0.06344760954380035
v 0.10028665512800217 1.0 0.048202529549598694
v 0.09600265324115753 0.0 0.06344760954380035
v 0.10028665512800217 1.0 0.048202529549598694
v 0.10028665512800217 0.0 0.048202529549598694
v 0.09600265324115753 1.0 0.06344760954380035
v 0.09600265324115753 1.0 0.06344760954380035
v 0.09600265324115753 0.0 0.06344760954380035
v 0.09600265324115753 1.0 0.06344760954380035
v 0.09600265324115753 0.0 0.06344760954380035
v 0.09600265324115753 0.0 0.06344760954380035
v 0.09600265324115753 1.0 0.06344760954380035
v 0.09600265324115753 1.0 0.06344760954380035
v 0.09600265324115753 0.0 0.06344760954380035
v 0.09600265324115753 1.0 0.06344760954380035
v 0.09600265324115753 0.0 0.06344760954380035
v 0.09600265324115753 0.0 0.06344760954380035
v 0.09600265324115753 1.0 0.06344760954380035
v 0.09600265324115753 1.0 0.06344760954380035
v 0.09600265324115753 0.0 0.06344760954380035
v 0.09600265324115753 1.0 0.06344760954380035
v 0.09600265324115753 0.0 0.06344760954380035
v 0.09600265324115753 0.0 0.06344760954380035
v 0.030873393639922142 0.0 0.23550422489643097
v 0.030873393639922142 1.0 0.23550422489643097
v 0.09600265324115753 1.0 0.06344760954380035
v 0.030873393639922142 0.0 0.23550422489643097
v 0.09600265324115753 1.0 0.06344760954380035
v 0.09600265324115753 0.0 0.06344760954380035
v 0.024994444102048874 0.0 0.2518893778324127
v 0.024994444102048874 1.0 0.2518893778324127
v 0.030873393639922142 1.0 0.23550422489643097
v 0.024994444102048874 0.0 0.2518893778324127
v 0.030873393639922142 1.0 0.23550422489643097
v 0.030873393639922142 0.0 0.23550422489643097
v 0.024994444102048874 1.0 0.2518893778324127
v 0.024994444102048874 1.0 0.2518893778324127
v 0.024994444102048874 0.0 0.2518893778324127
v 0.024994444102048874 1.0 0.2518893778324127
v 0.024994444102048874 0.0 0.2518893778324127
v 0.024994444102048874 0.0 0.2518893778324127
v 0.016948789358139038 0.0 0.274313360452652
v 0.016948789358139038 1.0 0.274313360452652
v 0.024994444102048874 1.0 0.2518893778324127
v 0.016948789358139038 0.0 0.274313360452652
v 0.024994444102048874 1.0 0.2518893778324127
v 0.024994444102048874 0.0 0.2518893778324127
v 5.551115123125783E-17 0.0 0.35868415236473083
v 5.551115123125783E-17 1.0 0.35868415236473083
v 0.016948789358139038 1.0 0.274313360452652
v 5.551115123125783E-17 0.0 0.35868415236473083
v 0.016948789358139038 1.0 0.274313360452652
v 0.016948789358139038 0.0 0.274313360452652
v 5.898059818321144E-17 1.0 0.35868415236473083
v 5.551115123125783E-17 1.0 0.35868415236473083
v 5.551115123125783E-17 0.0 0.35868415236473083
v 5.898059818321144E-17 1.0 0.35868415236473083
v 5.551115123125783E-17 0.0 0.35868415236473083
v 5.898059818321144E-17 0.0 0.35868415236473083
v 0.0 1.0 0.35868415236473083
v 5.898059818321144E-17 1.0 0.35868415236473083
v 5.898059818321144E-17 0.0 0.35868415236473083
v 0.0 1.0 0.35868415236473083
v 5.898059818321144E-17 0.0 0.35868415236473083
v 0.0 0.0 0.35868415236473083
v 0.0 0.0 0.3680168092250824
v 0.0 1.0 0.3680168092250824
v 0.0 1.0 0.35868415236473083
v 0.0 0.0 0.3680168092250824
v 0.0 1.0 0.35868415236473083
v 0.0 0.0 0.35868415236473083
v 0.0 0.0 0.6225630640983582
v 0.0 1.0 0.6225630640983582
v 0.0 1.0 0.3680168092250824
v 0.0 0.0 0.6225630640983582
v 0.0 1.0 0.3680168092250824
v 0.0 0.0 0.3680168092250824
v 0.0 0.0 0.6415621042251587
v 0.0 1.0 0.6415621042251587
v 0.0 1.0 0.6225630640983582
v 0.0 0.0 0.6415621042251587
v 0.0 1.0 0.6225630640983582
v 0.0 0.0 0.6225630640983582
v 0.0038579939864575863 0.0 0.6487000584602356
v 0.0038579939864575863 1.0 0.6487000584602356
v 0.0 1.0 0.6415621042251587
v 0.0038579939864575863 0.0 0.6487000584602356
v 0.0 1.0 0.6415621042251587
v 0.0 0.0 0.6415621042251587
v 0.05917196348309517 0.0 0.6878299713134766
v 0.05917196348309517 1.0 0.6878299713134766
v 0.0038579939864575863 1.0 0.6487000584602356
v 0.05917196348309517 0.0 0.6878299713134766
v 0.0038579939864575863 1.0 0.6487000584602356
v 0.0038579939864575863 0.0 0.6487000584602356
v 0.05917196348309517 1.0 0.6878299713134766
v 0.05917196348309517 1.0 0.6878299713134766
v 0.05917196348309517 0.0 0.6878299713134766
v 0.05917196348309517 1.0 0.6878299713134766
v 0.05917196348309517 0.0 0.6878299713134766
v 0.05917196348309517 0.0 0.6878299713134766
v 0.05917196348309517 1.0 0.6878299713134766
v 0.05917196348309517 1.0 0.6878299713134766
v 0.05917196348309517 0.0 0.6878299713134766
v 0.05917196348309517 1.0 0.6878299713134766
v 0.05917196348309517 0.0 0.6878299713134766
v 0.05917196348309517 0.0 0.6878299713134766
v 0.17579898238182068 0.0 0.7836400270462036
v 0.17579898238182068 1.0 0.7836400270462036
v 0.05917196348309517 1.0 0.6878299713134766
v 0.17579898238182068 0.0 0.7836400270462036
v 0.05917196348309517 1.0 0.6878299713134766
v 0.05917196348309517 0.0 0.6878299713134766
v 0.23554901778697968 0.0 0.8362199664115906
v 0.23554901778697968 1.0 0.8362199664115906
v 0.17579898238182068 1.0 0.7836400270462036
v 0.23554901778697968 0.0 0.8362199664115906
v 0.17579898238182068 1.0 0.7836400270462036
v 0.17579898238182068 0.0 0.7836400270462036
v 0.3303080201148987 0.0 0.8578000068664551
v 0.3303080201148987 1.0 0.8578000068664551
v 0.23554901778697968 1.0 0.8362199664115906
v 0.3303080201148987 0.0 0.8578000068664551
v 0.23554901778697968 1.0 0.8362199664115906
v 0.23554901778697968 0.0 0.8362199664115906
v 0.4506159722805023 0.0 0.8879400491714478
v 0.4506159722805023 1.0 0.8879400491714478
v 0.3303080201148987 1.0 0.8578000068664551
v 0.4506159722805023 0.0 0.8879400491714478
v 0.3303080201148987 1.0 0.8578000068664551
v 0.3303080201148987 0.0 0.8578000068664551
v 0.5087220072746277 0.0 0.9050599932670593
v 0.5087220072746277 1.0 0.9050599932670593
v 0.4506159722805023 1.0 0.8879400491714478
v 0.5087220072746277 0.0 0.9050599932670593
v 0.4506159722805023 1.0 0.8879400491714478
v 0.4506159722805023 0.0 0.8879400491714478
v 0.5087220072746277 1.0 0.9050599932670593
v 0.5087220072746277 1.0 0.9050599932670593
v 0.5087220072746277 0.0 0.9050599932670593
v 0.5087220072746277 1.0 0.9050599932670593
v 0.5087220072746277 0.0 0.9050599932670593
v 0.5087220072746277 0.0 0.9050599932670593
v 0.5866609811782837 0.0 0.8850399851799011
v 0.5866609811782837 1.0 0.8850399851799011
v 0.5087220072746277 1.0 0.9050599932670593
v 0.5866609811782837 0.0 0.8850399851799011
v 0.5087220072746277 1.0 0.9050599932670593
v 0.5087220072746277 0.0 0.9050599932670593
v 0.5866609811782837 1.0 0.8850399851799011
v 0.5866609811782837 1.0 0.8850399851799011
v 0.5866609811782837 0.0 0.8850399851799011
v 0.5866609811782837 1.0 0.8850399851799011
v 0.5866609811782837 0.0 0.8850399851799011
v 0.5866609811782837 0.0 0.8850399851799011
v 0.6299139857292175 0.0 0.8693100214004517
v 0.6299139857292175 1.0 0.8693100214004517
v 0.5866609811782837 1.0 0.8850399851799011
v 0.6299139857292175 0.0 0.8693100214004517
v 0.5866609811782837 1.0 0.8850399851799011
v 0.5866609811782837 0.0 0.8850399851799011
v 0.6299139857292175 1.0 0.8693100214004517
v 0.6299139857292175 1.0 0.8693100214004517
v 0.6299139857292175 0.0 0.8693100214004517
v 0.6299139857292175 1.0 0.8693100214004517
v 0.6299139857292175 0.0 0.8693100214004517
v 0.6299139857292175 0.0 0.8693100214004517
v 0.6872940063476562 0.0 0.8407600522041321
v 0.6872940063476562 1.0 0.8407600522041321
v 0.6299139857292175 1.0 0.8693100214004517
v 0.6872940063476562 0.0 0.8407600522041321
v 0.6299139857292175 1.0 0.8693100214004517
v 0.6299139857292175 0.0 0.8693100214004517
v 0.6872940063476562 1.0 0.8407600522041321
v 0.6872940063476562 1.0 0.8407600522041321
v 0.6872940063476562 0.0 0.8407600522041321
v 0.6872940063476562 1.0 0.8407600522041321
v 0.6872940063476562 0.0 0.8407600522041321
v 0.6872940063476562 0.0 0.8407600522041321
v 0.6851000189781189 0.0 0.6799500584602356
v 0.6851000189781189 1.0 0.6799500584602356
v 0.6872940063476562 1.0 0.8407600522041321
v 0.6851000189781189 0.0 0.6799500584602356
v 0.6872940063476562 1.0 0.8407600522041321
v 0.6872940063476562 0.0 0.8407600522041321
v 0.7154629826545715 0.0 0.5829499959945679
v 0.7154629826545715 1.0 0.5829499959945679
v 0.6851000189781189 1.0 0.6799500584602356
v 0.7154629826545715 0.0 0.5829499959945679
v 0.6851000189781189 1.0 0.6799500584602356
v 0.6851000189781189 0.0 0.6799500584602356
v 0.7420380115509033 0.0 0.3892669677734375
v 0.7420380115509033 1.0 0.3892669677734375
v 0.7154629826545715 1.0 0.5829499959945679
v 0.7420380115509033 0.0 0.3892669677734375
v 0.7154629826545715 1.0 0.5829499959945679
v 0.7154629826545715 0.0 0.5829499959945679
v 0.7511592507362366 0.0 0.34877172112464905
v 0.7511592507362366 1.0 0.34877172112464905
v 0.7420380115509033 1.0 0.3892669677734375
v 0.7511592507362366 0.0 0.34877172112464905
v 0.7420380115509033 1.0 0.3892669677734375
v 0.7420380115509033 0.0 0.3892669677734375
v 0.7511592507362366 1.0 0.34877172112464905
v 0.7511592507362366 1.0 0.34877172112464905
v 0.7511592507362366 0.0 0.34877172112464905
v 0.7511592507362366 1.0 0.34877172112464905
v 0.7511592507362366 0.0 0.34877172112464905
v 0.7511592507362366 0.0 0.34877172112464905
v 0.9358235001564026 0.0 0.3932270109653473
v 0.9358235001564026 1.0 0.3932270109653473
v 0.7511592507362366 1.0 0.34877172112464905
v 0.9358235001564026 0.0 0.3932270109653473
v 0.7511592507362366 1.0 0.34877172112464905
v 0.7511592507362366 0.0 0.34877172112464905
v 0.9358235001564026 1.0 0.3932270109653473
v 0.9358235001564026 1.0 0.3932270109653473
v 0.9358235001564026 0.0 0.3932270109653473
v 0.9358235001564026 1.0 0.3932270109653473
v 0.9358235001564026 0.0 0.3932270109653473
v 0.9358235001564026 0.0 0.3932270109653473
v 1.0 0.0 0.3884817659854889
v 1.0 1.0 0.3884817659854889
v 0.9358235001564026 1.0 0.3932270109653473
v 1.0 0.0 0.3884817659854889
v 0.9358235001564026 1.0 0.3932270109653473
v 0.9358235001564026 0.0 0.3932270109653473
v 1.0 1.0 0.3884817659854889
v 1.0 1.0 0.3884817659854889
v 1.0 0.0 0.3884817659854889
v 1.0 1.0 0.3884817659854889
v 1.0 0.0 0.3884817659854889
v 1.0 0.0 0.3884817659854889
v 1.0 0.0 0.35935333371162415
v 1.0 1.0 0.35935333371162415
v 1.0 1.0 0.3884817659854889
v 1.0 0.0 0.35935333371162415
v 1.0 1.0 0.3884817659854889
v 1.0 0.0 0.3884817659854889
v 1.0 0.0 0.33427363634109497
v 1.0 1.0 0.33427363634109497
v 1.0 1.0 0.35935333371162415
v 1.0 0.0 0.33427363634109497
v 1.0 1.0 0.35935333371162415
v 1.0 0.0 0.35935333371162415
v 1.0 0.0 0.33323925733566284
v 1.0 1.0 0.33323925733566284
v 1.0 1.0 0.33427363634109497
v 1.0 0.0 0.33323925733566284
v 1.0 1.0 0.33427363634109497
v 1.0 0.0 0.33427363634109497
v 1.0 0.0 0.0
v 1.0 1.0 0.0
v 1.0 1.0 0.33323925733566284
v 1.0 0.0 0.0
v 1.0 1.0 0.33323925733566284
v 1.0 0.0 0.33323925733566284
v 0.10951657593250275 0.0 0.0
v 0.10951657593250275 1.0 0.0
v 1.0 1.0 0.0
v 0.10951657593250275 0.0 0.0
v 1.0 1.0 0.0
v 1.0 0.0 0.0
v 0.5765042901039124 1.0 0.881274938583374
v 0.5765042901039124 1.0 0.881274938583374
v 0.5765042901039124 0.0 0.881274938583374
v 0.5765042901039124 1.0 0.881274938583374
v 0.5765042901039124 0.0 0.881274938583374
v 0.5765042901039124 0.0 0.881274938583374
v 0.5765042901039124 1.0 0.881274938583374
v 0.5765042901039124 1.0 0.881274938583374
v 0.5765042901039124 0.0 0.881274938583374
v 0.5765042901039124 1.0 0.881274938583374
v 0.5765042901039124 0.0 0.881274938583374
v 0.5765042901039124 0.0 0.881274938583374
v 0.5765042901039124 1.0 0.881274938583374
v 0.5765042901039124 1.0 0.881274938583374
v 0.5765042901039124 0.0 0.881274938583374
v 0.5765042901039124 1.0 0.881274938583374
v 0.5765042901039124 0.0 0.881274938583374
v 0.5765042901039124 0.0 0.881274938583374
v 0.5765042901039124 1.0 0.881274938583374
v 0.5765042901039124 1.0 0.881274938583374
v 0.5765042901039124 0.0 0.881274938583374
v 0.5765042901039124 1.0 0.881274938583374
v 0.5765042901039124 0.0 0.881274938583374
v 0.5765042901039124 0.0 0.881274938583374
v 0.2350669950246811 1.0 0.7761532664299011
v 0.2350669950246811 1.0 0.7761532664299011
v 0.2350669950246811 0.0 0.7761532664299011
v 0.2350669950246811 1.0 0.7761532664299011
v 0.2350669950246811 0.0 0.7761532664299011
v 0.2350669950246811 0.0 0.7761532664299011
v 0.2350669950246811 1.0 0.7761532664299011
v 0.2350669950246811 1.0 0.7761532664299011
v 0.2350669950246811 0.0 0.7761532664299011
v 0.2350669950246811 1.0 0.7761532664299011
v 0.2350669950246811 0.0 0.7761532664299011
v 0.2350669950246811 0.0 0.7761532664299011
v 0.2350669950246811 1.0 0.7761532664299011
v 0.2350669950246811 1.0 0.7761532664299011
v 0.2350669950246811 0.0 0.7761532664299011
v 0.2350669950246811 1.0 0.7761532664299011
v 0.2350669950246811 0.0 0.7761532664299011
v 0.2350669950246811 0.0 0.7761532664299011
v 0.2350669950246811 1.0 0.7761532664299011
v 0.2350669950246811 1.0 0.7761532664299011
v 0.2350669950246811 0.0 0.7761532664299011
v 0.2350669950246811 1.0 0.7761532664299011
v 0.2350669950246811 0.0 0.7761532664299011
v 0.2350669950246811 0.0 0.7761532664299011
v 0.051749423146247864 1.0 0.6662265658378601
v 0.051749423146247864 1.0 0.6662265658378601
v 0.051749423146247864 0.0 0.6662265658378601
v 0.051749423146247864 1.0 0.6662265658378601
v 0.051749423146247864 0.0 0.6662265658378601
v 0.051749423146247864 0.0 0.6662265658378601
v 0.051749423146247864 1.0 0.6662265658378601
v 0.051749423146247864 1.0 0.6662265658378601
v 0.051749423146247864 0.0 0.6662265658378601
v 0.051749423146247864 1.0 0.6662265658378601
v 0.051749423146247864 0.0 0.6662265658378601
v 0.051749423146247864 0.0 0.6662265658378601
v 0.051749423146247864 1.0 0.6662265658378601
v 0.051749423146247864 1.0 0.6662265658378601
v 0.051749423146247864 0.0 0.6662265658378601
v 0.051749423146247864 1.0 0.6662265658378601
v 0.051749423146247864 0.0 0.6662265658378601
v 0.051749423146247864 0.0 0.6662265658378601
v 0.051749423146247864 1.0 0.6662265658378601
v 0.051749423146247864 1.0 0.6662265658378601
v 0.051749423146247864 0.0 0.6662265658378601
v 0.051749423146247864 1.0 0.6662265658378601
v 0.051749423146247864 0.0 0.6662265658378601
v 0.051749423146247864 0.0 0.6662265658378601
f 1 2 3
f 4 5 6
f 7 8 9
f 10 11 12
f 13 14 15
f 16 17 18
f 19 20 21
f 22 23 24
f 25 26 27
f 28 29 30
f 31 32 33
f 34 35 36
f 37 38 39
f 40 41 42
f 43 44 45
f 46 47 48
f 49 50 51
f 52 53 54
f 55 56 57
f 58 59 60
f 61 62 63
f 64 65 66
f 67 68 69
f 70 71 72
f 73 74 75
f 76 77 78
f 79 80 81
f 82 83 84
f 85 86 87
f 88 89 90
f 91 92 93
f 94 95 96
f 97 98 99
f 100 101 102
f 103 104 105
f 106 107 108
f 109 110 111
f 112 113 114
f 115 116 117
f 118 119 120
f 121 122 123
f 124 125 126
f 127 128 129
f 130 131 132
f 133 134 135
f 136 137 138
f 139 140 141
f 142 143 144
f 145 146 147
f 148 149 150
f 151 152 153
f 154 155 156
f 157 158 159
f 160 161 162
f 163 164 165
f 166 167 168
f 169 170 171
f 172 173 174
f 175 176 177
f 178 179 180
f 181 182 183
f 184 185 186
f 187 188 189
f 190 191 192
f 193 194 195
f 196 197 198
f 199 200 201
f 202 203 204
f 205 206 207
f 208 209 210
f 211 212 213
f 214 215 216
f 217 218 219
f 220 221 222
f 223 224 225
f 226 227 228
f 229 230 231
f 232 233 234
f 235 236 237
f 238 239 240
f 241 242 243
f 244 245 246
f 247 248 249
f 250 251 252
f 253 254 255
f 256 257 258
f 259 260 261
f 262 263 264
f 265 266 267
f 268 269 270
f 271 272 273
f 274 275 276
f 277 278 279
f 280 281 282
f 283 284 285
f 286 287 288
f 289 290 291
f 292 293 294
f 295 296 297
f 298 299 300
f 301 302 303
f 304 305 306
f 307 308 309
f 310 311 312
f 313 314 315
f 316 317 318
f 319 320 321
f 322 323 324
f 325 326 327
f 328 329 330
f 331 332 333
f 334 335 336
f 337 338 339
f 340 341 342
f 343 344 345
f 346 347 348
f 349 350 351
f 352 353 354
f 355 356 357
f 358 359 360
f 361 362 363
f 364 365 366
f 367 368 369
f 370 371 372
f 373 374 375
f 376 377 378
f 379 380 381
f 382 383 384
f 385 386 387
f 388 389 390
f 391 392 393
f 394 395 396
f 397 398 399
f 400 401 402
f 403 404 405
f 406 407 408
f 409 410 411
f 412 413 414
f 415 416 417
f 418 419 420
f 421 422 423
f 424 425 426
f 427 428 429
f 430 431 432
f 433 434 435
f 436 437 438
f 439 440 441
f 442 443 444
f 445 446 447
f 448 449 450
f 451 452 453
f 454 455 456
f 457 458 459
f 460 461 462
f 463 464 465
f 466 467 468
f 469 470 471
f 472 473 474
f 475 476 477
f 478 479 480
f 481 482 483
f 484 485 486
f 487 488 489
f 490 491 492
f 493 494 495
f 496 497 498
f 499 500 501
f 502 503 504
f 505 506 507
f 508 509 510
f 511 512 513
f 514 515 516
f 517 518 519
f 520 521 522
f 523 524 525
f 526 527 528
f 529 530 531
f 532 533 534
f 535 536 537
f 538 539 540
f 541 542 543
f 544 545 546
f 547 548 549
f 550 551 552
f 553 554 555
f 556 557 558
f 559 560 561
f 562 563 564
f 565 566 567
f 568 569 570
f 571 572 573
f 574 575 576
f 577 578 579
f 580 581 582
f 583 584 585
f 586 587 588
